placeholder_a: 1
placeholder_b: 2
moj_param: 3
A: [1, 0.01, 0.00005, 0,
 0, 1, 0.01, 0.00005,
 0, 0, 1, 0.01,
 0, 0, 0, 1]

 
solver_x:
  verbose: true
  max_iters: 30
  Q: [100, 50, 10]
  Q_last: [100, 50, 10]
  dt1: 0.01
  dt2: 0.2
  p1: 1
  p2: 2
  max_speed: 1
  max_acc: 1
  max_u: 1
  max_du: 1


solver_y:
  verbose: true
  max_iters: 30
  Q: [100, 50, 10]
  Q_last: [100, 50, 10]
  dt1: 0.01
  dt2: 0.2
  p1: 1
  p2: 2
  max_speed: 1
  max_acc: 1
  max_u: 1
  max_du: 1

solver_z:
  verbose: true
  max_iters: 30
  Q: [100, 50, 10]
  Q_last: [100, 50, 10]
  dt1: 0.01
  dt2: 0.2
  p1: 1
  p2: 2
  max_speed: 1
  max_acc: 1
  max_u: 1
  max_du: 1

  