placeholder_a: 1
placeholder_b: 2
moj_param: 3
A: [
  1, 0.01, 0.00005, 0,
  0, 1,    0.01,    0.00005,
  0, 0,    1,       0.01,
  0, 0,    0,       1
]

horizon_len: 26

solver_x:
  verbose: true
  max_iters: 30
  Q: [500, 100, 100]
  Q_last: [1000, 300, 300]
  dt1: 0.01
  dt2: 0.05
  p1: 1
  p2: 1
  max_speed: 2
  max_acc: 2
  max_u: 50
  max_du: 25

solver_y:
  verbose: true
  max_iters: 30
  Q: [500, 100, 100]
  Q_last: [1000, 300, 300]
  dt1: 0.01
  dt2: 0.05
  p1: 1
  p2: 1
  max_speed: 2
  max_acc: 2
  max_u: 50
  max_du: 25

solver_z:
  verbose: true
  max_iters: 30
  Q: [100, 10, 10]
  Q_last: [100, 10, 10]
  dt1: 0.01
  dt2: 0.05
  p1: 1
  p2: 1
  max_speed: 2
  max_acc: 2
  max_u: 50
  max_du: 25

feed_forward_acceleration_flag: false

motor_params:
  A: 1.0
  B: 1.0
  n_motors: 4

UAV_mass: 9.0